Day Rise_1 Set_1  Rise_2  Set_2  Rise_3  Set_3  Rise_4  Set_4  Rise_5  Set_5  Rise_6  Set_6  Rise_7  Set_7  Rise_8  Set_8  Rise_9  Set_9  Rise_10  Set_10  Rise_11  Set_11  Rise_12  Set_12
01  0727 1657  0715 1729  0641 1801  0553 1831  0511 1900  0445 1927  0446 1937  0509 1919  0537 1839  0604 1751  0635 1708  0707 1647
02  0727 1658  0714 1730  0640 1802  0552 1832  0509 1901  0444 1928  0447 1937  0510 1918  0538 1837  0605 1750  0636 1707  0708 1646
03  0727 1658  0713 1732  0638 1803  0550 1833  0508 1902  0444 1929  0447 1937  0511 1917  0539 1836  0606 1748  0637 1706  0709 1646
04  0727 1659  0712 1733  0637 1804  0549 1834  0507 1903  0444 1929  0448 1937  0512 1916  0540 1834  0607 1747  0638 1705  0710 1646
05  0727 1700  0711 1734  0635 1805  0547 1835  0506 1904  0444 1930  0449 1937  0512 1915  0540 1833  0608 1745  0639 1704  0711 1646
06  0727 1701  0710 1735  0634 1806  0546 1836  0505 1905  0443 1931  0449 1936  0513 1914  0541 1831  0608 1743  0641 1703  0712 1646
07  0727 1702  0709 1736  0632 1807  0544 1837  0504 1906  0443 1931  0450 1936  0514 1913  0542 1830  0609 1742  0642 1702  0713 1646
08  0727 1703  0708 1737  0631 1808  0543 1838  0503 1907  0443 1932  0450 1936  0515 1912  0543 1828  0610 1740  0643 1701  0714 1646
09  0727 1704  0707 1739  0629 1809  0541 1839  0502 1908  0443 1932  0451 1936  0516 1911  0544 1826  0611 1739  0644 1700  0715 1646
10  0727 1705  0706 1740  0628 1810  0540 1840  0501 1909  0443 1933  0452 1935  0517 1909  0545 1825  0612 1737  0645 1659  0716 1646
11  0726 1706  0704 1741  0626 1811  0538 1841  0500 1910  0442 1933  0452 1935  0518 1908  0546 1823  0613 1736  0646 1658  0716 1646
12  0726 1707  0703 1742  0625 1812  0537 1842  0459 1911  0442 1934  0453 1934  0519 1907  0547 1822  0614 1734  0647 1657  0717 1646
13  0726 1708  0702 1743  0623 1813  0535 1843  0458 1912  0442 1934  0454 1934  0520 1906  0548 1820  0615 1733  0648 1656  0718 1647
14  0726 1709  0701 1744  0621 1814  0534 1844  0457 1913  0442 1935  0454 1933  0521 1904  0548 1818  0616 1731  0649 1655  0719 1647
15  0725 1710  0700 1745  0620 1815  0532 1845  0456 1914  0442 1935  0455 1933  0521 1903  0549 1817  0617 1730  0650 1655  0719 1647
16  0725 1711  0658 1746  0618 1816  0531 1846  0455 1914  0442 1935  0456 1932  0522 1902  0550 1815  0618 1729  0652 1654  0720 1647
17  0724 1712  0657 1748  0617 1817  0529 1847  0454 1915  0442 1936  0456 1932  0523 1900  0551 1814  0619 1727  0653 1653  0721 1648
18  0724 1713  0656 1749  0615 1818  0528 1848  0453 1916  0443 1936  0457 1931  0524 1859  0552 1812  0620 1726  0654 1652  0721 1648
19  0724 1714  0655 1750  0614 1819  0526 1849  0453 1917  0443 1936  0458 1930  0525 1858  0553 1810  0621 1724  0655 1652  0722 1648
20  0723 1715  0653 1751  0612 1820  0525 1850  0452 1918  0443 1937  0459 1930  0526 1856  0554 1809  0622 1723  0656 1651  0722 1649
21  0723 1717  0652 1752  0610 1821  0524 1851  0451 1919  0443 1937  0500 1929  0527 1855  0555 1807  0623 1722  0657 1651  0723 1649
22  0722 1718  0651 1753  0609 1822  0522 1852  0450 1920  0443 1937  0500 1928  0528 1854  0556 1806  0624 1720  0658 1650  0723 1650
23  0721 1719  0649 1754  0607 1823  0521 1853  0450 1921  0443 1937  0501 1928  0529 1852  0556 1804  0625 1719  0659 1649  0724 1650
24  0721 1720  0648 1755  0606 1824  0520 1854  0449 1921  0444 1937  0502 1927  0530 1851  0557 1802  0626 1718  0700 1649  0724 1651
25  0720 1721  0647 1756  0604 1825  0518 1855  0448 1922  0444 1937  0503 1926  0531 1849  0558 1801  0628 1716  0701 1649  0725 1652
26  0719 1722  0645 1757  0603 1826  0517 1856  0448 1923  0444 1937  0504 1925  0531 1848  0559 1759  0629 1715  0702 1648  0725 1652
27  0719 1723  0644 1758  0601 1827  0516 1857  0447 1924  0445 1938  0505 1924  0532 1846  0600 1758  0630 1714  0703 1648  0725 1653
28  0718 1725  0642 1800  0600 1828  0514 1858  0447 1924  0445 1938  0505 1923  0533 1845  0601 1756  0631 1713  0704 1647  0726 1654
29  0717 1726  0000 0000  0558 1829  0513 1858  0446 1925  0446 1938  0506 1922  0534 1843  0602 1754  0632 1711  0705 1647  0726 1654
30  0716 1727  0000 0000  0556 1830  0512 1859  0446 1926  0446 1937  0507 1921  0535 1842  0603 1753  0633 1710  0706 1647  0726 1655
31  0715 1728  0000 0000  0555 1830  0000 0000  0445 1927  0000 0000  0508 1920  0536 1840  0000 0000  0634 1709  0000 0000  0727 1656
